{
 "cells": [
  {
   "cell_type": "code",
   "execution_count": 182,
   "metadata": {},
   "outputs": [],
   "source": [
    "from libpgm.nodedata import NodeData\n",
    "from libpgm.graphskeleton import GraphSkeleton\n",
    "from libpgm.discretebayesiannetwork import DiscreteBayesianNetwork\n",
    "from libpgm.lgbayesiannetwork import LGBayesianNetwork\n",
    "from libpgm.hybayesiannetwork import HyBayesianNetwork\n",
    "from libpgm.dyndiscbayesiannetwork import DynDiscBayesianNetwork\n",
    "from libpgm.tablecpdfactorization import TableCPDFactorization\n",
    "from libpgm.sampleaggregator import SampleAggregator\n",
    "from libpgm.pgmlearner import PGMLearner\n",
    "\n",
    "import numpy as np\n",
    "#create table\n",
    "from prettytable import PrettyTable\n",
    "\n",
    "#read csv\n",
    "import pandas as pd"
   ]
  },
  {
   "cell_type": "code",
   "execution_count": 183,
   "metadata": {},
   "outputs": [
    {
     "data": {
      "text/html": [
       "<div>\n",
       "<style scoped>\n",
       "    .dataframe tbody tr th:only-of-type {\n",
       "        vertical-align: middle;\n",
       "    }\n",
       "\n",
       "    .dataframe tbody tr th {\n",
       "        vertical-align: top;\n",
       "    }\n",
       "\n",
       "    .dataframe thead th {\n",
       "        text-align: right;\n",
       "    }\n",
       "</style>\n",
       "<table border=\"1\" class=\"dataframe\">\n",
       "  <thead>\n",
       "    <tr style=\"text-align: right;\">\n",
       "      <th></th>\n",
       "      <th>id</th>\n",
       "      <th>hotel</th>\n",
       "      <th>reader</th>\n",
       "      <th>helpful</th>\n",
       "      <th>overall</th>\n",
       "      <th>value</th>\n",
       "      <th>room</th>\n",
       "      <th>location</th>\n",
       "      <th>clean</th>\n",
       "      <th>check</th>\n",
       "      <th>service</th>\n",
       "      <th>business</th>\n",
       "      <th>target</th>\n",
       "    </tr>\n",
       "  </thead>\n",
       "  <tbody>\n",
       "    <tr>\n",
       "      <th>0</th>\n",
       "      <td>0</td>\n",
       "      <td>hotel_231505</td>\n",
       "      <td>-1</td>\n",
       "      <td>-1</td>\n",
       "      <td>5</td>\n",
       "      <td>5</td>\n",
       "      <td>5</td>\n",
       "      <td>5</td>\n",
       "      <td>5</td>\n",
       "      <td>5</td>\n",
       "      <td>5</td>\n",
       "      <td>5</td>\n",
       "      <td>good</td>\n",
       "    </tr>\n",
       "    <tr>\n",
       "      <th>1</th>\n",
       "      <td>1</td>\n",
       "      <td>hotel_231505</td>\n",
       "      <td>-1</td>\n",
       "      <td>-1</td>\n",
       "      <td>1</td>\n",
       "      <td>1</td>\n",
       "      <td>1</td>\n",
       "      <td>3</td>\n",
       "      <td>2</td>\n",
       "      <td>1</td>\n",
       "      <td>3</td>\n",
       "      <td>3</td>\n",
       "      <td>bad</td>\n",
       "    </tr>\n",
       "    <tr>\n",
       "      <th>2</th>\n",
       "      <td>2</td>\n",
       "      <td>hotel_231505</td>\n",
       "      <td>-1</td>\n",
       "      <td>-1</td>\n",
       "      <td>3</td>\n",
       "      <td>3</td>\n",
       "      <td>2</td>\n",
       "      <td>3</td>\n",
       "      <td>4</td>\n",
       "      <td>2</td>\n",
       "      <td>2</td>\n",
       "      <td>3</td>\n",
       "      <td>bad</td>\n",
       "    </tr>\n",
       "    <tr>\n",
       "      <th>3</th>\n",
       "      <td>3</td>\n",
       "      <td>hotel_231505</td>\n",
       "      <td>4</td>\n",
       "      <td>4</td>\n",
       "      <td>4</td>\n",
       "      <td>4</td>\n",
       "      <td>4</td>\n",
       "      <td>4</td>\n",
       "      <td>4</td>\n",
       "      <td>4</td>\n",
       "      <td>3</td>\n",
       "      <td>5</td>\n",
       "      <td>good</td>\n",
       "    </tr>\n",
       "    <tr>\n",
       "      <th>4</th>\n",
       "      <td>4</td>\n",
       "      <td>hotel_231505</td>\n",
       "      <td>3</td>\n",
       "      <td>3</td>\n",
       "      <td>4</td>\n",
       "      <td>4</td>\n",
       "      <td>4</td>\n",
       "      <td>3</td>\n",
       "      <td>4</td>\n",
       "      <td>5</td>\n",
       "      <td>4</td>\n",
       "      <td>3</td>\n",
       "      <td>good</td>\n",
       "    </tr>\n",
       "    <tr>\n",
       "      <th>5</th>\n",
       "      <td>5</td>\n",
       "      <td>hotel_231505</td>\n",
       "      <td>3</td>\n",
       "      <td>2</td>\n",
       "      <td>2</td>\n",
       "      <td>3</td>\n",
       "      <td>4</td>\n",
       "      <td>3</td>\n",
       "      <td>4</td>\n",
       "      <td>3</td>\n",
       "      <td>2</td>\n",
       "      <td>3</td>\n",
       "      <td>bad</td>\n",
       "    </tr>\n",
       "    <tr>\n",
       "      <th>6</th>\n",
       "      <td>6</td>\n",
       "      <td>hotel_231505</td>\n",
       "      <td>5</td>\n",
       "      <td>5</td>\n",
       "      <td>4</td>\n",
       "      <td>4</td>\n",
       "      <td>4</td>\n",
       "      <td>3</td>\n",
       "      <td>5</td>\n",
       "      <td>4</td>\n",
       "      <td>4</td>\n",
       "      <td>5</td>\n",
       "      <td>bad</td>\n",
       "    </tr>\n",
       "    <tr>\n",
       "      <th>7</th>\n",
       "      <td>7</td>\n",
       "      <td>hotel_560516</td>\n",
       "      <td>2</td>\n",
       "      <td>0</td>\n",
       "      <td>2</td>\n",
       "      <td>2</td>\n",
       "      <td>5</td>\n",
       "      <td>5</td>\n",
       "      <td>3</td>\n",
       "      <td>4</td>\n",
       "      <td>5</td>\n",
       "      <td>4</td>\n",
       "      <td>good</td>\n",
       "    </tr>\n",
       "    <tr>\n",
       "      <th>8</th>\n",
       "      <td>8</td>\n",
       "      <td>hotel_560516</td>\n",
       "      <td>2</td>\n",
       "      <td>1</td>\n",
       "      <td>5</td>\n",
       "      <td>3</td>\n",
       "      <td>3</td>\n",
       "      <td>5</td>\n",
       "      <td>5</td>\n",
       "      <td>5</td>\n",
       "      <td>5</td>\n",
       "      <td>5</td>\n",
       "      <td>bad</td>\n",
       "    </tr>\n",
       "    <tr>\n",
       "      <th>9</th>\n",
       "      <td>9</td>\n",
       "      <td>hotel_560516</td>\n",
       "      <td>1</td>\n",
       "      <td>1</td>\n",
       "      <td>5</td>\n",
       "      <td>5</td>\n",
       "      <td>5</td>\n",
       "      <td>5</td>\n",
       "      <td>5</td>\n",
       "      <td>5</td>\n",
       "      <td>5</td>\n",
       "      <td>3</td>\n",
       "      <td>good</td>\n",
       "    </tr>\n",
       "    <tr>\n",
       "      <th>10</th>\n",
       "      <td>10</td>\n",
       "      <td>hotel_560516</td>\n",
       "      <td>2</td>\n",
       "      <td>2</td>\n",
       "      <td>5</td>\n",
       "      <td>4</td>\n",
       "      <td>4</td>\n",
       "      <td>5</td>\n",
       "      <td>5</td>\n",
       "      <td>5</td>\n",
       "      <td>5</td>\n",
       "      <td>4</td>\n",
       "      <td>good</td>\n",
       "    </tr>\n",
       "    <tr>\n",
       "      <th>11</th>\n",
       "      <td>11</td>\n",
       "      <td>hotel_560516</td>\n",
       "      <td>3</td>\n",
       "      <td>3</td>\n",
       "      <td>5</td>\n",
       "      <td>5</td>\n",
       "      <td>4</td>\n",
       "      <td>5</td>\n",
       "      <td>5</td>\n",
       "      <td>5</td>\n",
       "      <td>5</td>\n",
       "      <td>1</td>\n",
       "      <td>bad</td>\n",
       "    </tr>\n",
       "    <tr>\n",
       "      <th>12</th>\n",
       "      <td>12</td>\n",
       "      <td>hotel_560516</td>\n",
       "      <td>3</td>\n",
       "      <td>3</td>\n",
       "      <td>5</td>\n",
       "      <td>5</td>\n",
       "      <td>3</td>\n",
       "      <td>5</td>\n",
       "      <td>5</td>\n",
       "      <td>5</td>\n",
       "      <td>5</td>\n",
       "      <td>2</td>\n",
       "      <td>good</td>\n",
       "    </tr>\n",
       "    <tr>\n",
       "      <th>13</th>\n",
       "      <td>13</td>\n",
       "      <td>hotel_560516</td>\n",
       "      <td>3</td>\n",
       "      <td>3</td>\n",
       "      <td>5</td>\n",
       "      <td>5</td>\n",
       "      <td>3</td>\n",
       "      <td>5</td>\n",
       "      <td>4</td>\n",
       "      <td>5</td>\n",
       "      <td>5</td>\n",
       "      <td>2</td>\n",
       "      <td>good</td>\n",
       "    </tr>\n",
       "    <tr>\n",
       "      <th>14</th>\n",
       "      <td>14</td>\n",
       "      <td>hotel_560516</td>\n",
       "      <td>2</td>\n",
       "      <td>2</td>\n",
       "      <td>2</td>\n",
       "      <td>2</td>\n",
       "      <td>4</td>\n",
       "      <td>4</td>\n",
       "      <td>4</td>\n",
       "      <td>4</td>\n",
       "      <td>3</td>\n",
       "      <td>3</td>\n",
       "      <td>good</td>\n",
       "    </tr>\n",
       "    <tr>\n",
       "      <th>15</th>\n",
       "      <td>15</td>\n",
       "      <td>hotel_560516</td>\n",
       "      <td>1</td>\n",
       "      <td>1</td>\n",
       "      <td>2</td>\n",
       "      <td>3</td>\n",
       "      <td>2</td>\n",
       "      <td>4</td>\n",
       "      <td>3</td>\n",
       "      <td>3</td>\n",
       "      <td>4</td>\n",
       "      <td>2</td>\n",
       "      <td>bad</td>\n",
       "    </tr>\n",
       "    <tr>\n",
       "      <th>16</th>\n",
       "      <td>16</td>\n",
       "      <td>hotel_560516</td>\n",
       "      <td>3</td>\n",
       "      <td>3</td>\n",
       "      <td>5</td>\n",
       "      <td>4</td>\n",
       "      <td>4</td>\n",
       "      <td>5</td>\n",
       "      <td>4</td>\n",
       "      <td>5</td>\n",
       "      <td>5</td>\n",
       "      <td>5</td>\n",
       "      <td>bad</td>\n",
       "    </tr>\n",
       "    <tr>\n",
       "      <th>17</th>\n",
       "      <td>17</td>\n",
       "      <td>hotel_560516</td>\n",
       "      <td>4</td>\n",
       "      <td>4</td>\n",
       "      <td>5</td>\n",
       "      <td>5</td>\n",
       "      <td>5</td>\n",
       "      <td>5</td>\n",
       "      <td>5</td>\n",
       "      <td>5</td>\n",
       "      <td>5</td>\n",
       "      <td>5</td>\n",
       "      <td>good</td>\n",
       "    </tr>\n",
       "    <tr>\n",
       "      <th>18</th>\n",
       "      <td>18</td>\n",
       "      <td>hotel_560516</td>\n",
       "      <td>3</td>\n",
       "      <td>0</td>\n",
       "      <td>1</td>\n",
       "      <td>2</td>\n",
       "      <td>1</td>\n",
       "      <td>2</td>\n",
       "      <td>2</td>\n",
       "      <td>2</td>\n",
       "      <td>1</td>\n",
       "      <td>2</td>\n",
       "      <td>bad</td>\n",
       "    </tr>\n",
       "    <tr>\n",
       "      <th>19</th>\n",
       "      <td>19</td>\n",
       "      <td>hotel_560516</td>\n",
       "      <td>3</td>\n",
       "      <td>2</td>\n",
       "      <td>5</td>\n",
       "      <td>5</td>\n",
       "      <td>5</td>\n",
       "      <td>5</td>\n",
       "      <td>5</td>\n",
       "      <td>5</td>\n",
       "      <td>5</td>\n",
       "      <td>3</td>\n",
       "      <td>good</td>\n",
       "    </tr>\n",
       "    <tr>\n",
       "      <th>20</th>\n",
       "      <td>20</td>\n",
       "      <td>hotel_560516</td>\n",
       "      <td>4</td>\n",
       "      <td>4</td>\n",
       "      <td>5</td>\n",
       "      <td>5</td>\n",
       "      <td>5</td>\n",
       "      <td>5</td>\n",
       "      <td>5</td>\n",
       "      <td>5</td>\n",
       "      <td>5</td>\n",
       "      <td>3</td>\n",
       "      <td>good</td>\n",
       "    </tr>\n",
       "    <tr>\n",
       "      <th>21</th>\n",
       "      <td>21</td>\n",
       "      <td>hotel_560516</td>\n",
       "      <td>4</td>\n",
       "      <td>4</td>\n",
       "      <td>5</td>\n",
       "      <td>5</td>\n",
       "      <td>5</td>\n",
       "      <td>5</td>\n",
       "      <td>5</td>\n",
       "      <td>5</td>\n",
       "      <td>5</td>\n",
       "      <td>5</td>\n",
       "      <td>good</td>\n",
       "    </tr>\n",
       "    <tr>\n",
       "      <th>22</th>\n",
       "      <td>22</td>\n",
       "      <td>hotel_560516</td>\n",
       "      <td>4</td>\n",
       "      <td>4</td>\n",
       "      <td>5</td>\n",
       "      <td>5</td>\n",
       "      <td>4</td>\n",
       "      <td>5</td>\n",
       "      <td>5</td>\n",
       "      <td>5</td>\n",
       "      <td>5</td>\n",
       "      <td>3</td>\n",
       "      <td>good</td>\n",
       "    </tr>\n",
       "    <tr>\n",
       "      <th>23</th>\n",
       "      <td>23</td>\n",
       "      <td>hotel_560516</td>\n",
       "      <td>8</td>\n",
       "      <td>8</td>\n",
       "      <td>4</td>\n",
       "      <td>4</td>\n",
       "      <td>3</td>\n",
       "      <td>4</td>\n",
       "      <td>4</td>\n",
       "      <td>3</td>\n",
       "      <td>3</td>\n",
       "      <td>3</td>\n",
       "      <td>good</td>\n",
       "    </tr>\n",
       "    <tr>\n",
       "      <th>24</th>\n",
       "      <td>24</td>\n",
       "      <td>hotel_560516</td>\n",
       "      <td>15</td>\n",
       "      <td>15</td>\n",
       "      <td>5</td>\n",
       "      <td>5</td>\n",
       "      <td>5</td>\n",
       "      <td>5</td>\n",
       "      <td>5</td>\n",
       "      <td>5</td>\n",
       "      <td>5</td>\n",
       "      <td>5</td>\n",
       "      <td>good</td>\n",
       "    </tr>\n",
       "  </tbody>\n",
       "</table>\n",
       "</div>"
      ],
      "text/plain": [
       "    id          hotel  reader  helpful  overall  value  room  location  clean  \\\n",
       "0    0   hotel_231505      -1       -1        5      5     5         5      5   \n",
       "1    1   hotel_231505      -1       -1        1      1     1         3      2   \n",
       "2    2   hotel_231505      -1       -1        3      3     2         3      4   \n",
       "3    3   hotel_231505       4        4        4      4     4         4      4   \n",
       "4    4   hotel_231505       3        3        4      4     4         3      4   \n",
       "5    5   hotel_231505       3        2        2      3     4         3      4   \n",
       "6    6   hotel_231505       5        5        4      4     4         3      5   \n",
       "7    7   hotel_560516       2        0        2      2     5         5      3   \n",
       "8    8   hotel_560516       2        1        5      3     3         5      5   \n",
       "9    9   hotel_560516       1        1        5      5     5         5      5   \n",
       "10  10   hotel_560516       2        2        5      4     4         5      5   \n",
       "11  11   hotel_560516       3        3        5      5     4         5      5   \n",
       "12  12   hotel_560516       3        3        5      5     3         5      5   \n",
       "13  13   hotel_560516       3        3        5      5     3         5      4   \n",
       "14  14   hotel_560516       2        2        2      2     4         4      4   \n",
       "15  15   hotel_560516       1        1        2      3     2         4      3   \n",
       "16  16   hotel_560516       3        3        5      4     4         5      4   \n",
       "17  17   hotel_560516       4        4        5      5     5         5      5   \n",
       "18  18   hotel_560516       3        0        1      2     1         2      2   \n",
       "19  19   hotel_560516       3        2        5      5     5         5      5   \n",
       "20  20   hotel_560516       4        4        5      5     5         5      5   \n",
       "21  21   hotel_560516       4        4        5      5     5         5      5   \n",
       "22  22   hotel_560516       4        4        5      5     4         5      5   \n",
       "23  23   hotel_560516       8        8        4      4     3         4      4   \n",
       "24  24   hotel_560516      15       15        5      5     5         5      5   \n",
       "\n",
       "    check  service  business target  \n",
       "0       5        5         5   good  \n",
       "1       1        3         3    bad  \n",
       "2       2        2         3    bad  \n",
       "3       4        3         5   good  \n",
       "4       5        4         3   good  \n",
       "5       3        2         3    bad  \n",
       "6       4        4         5    bad  \n",
       "7       4        5         4   good  \n",
       "8       5        5         5    bad  \n",
       "9       5        5         3   good  \n",
       "10      5        5         4   good  \n",
       "11      5        5         1    bad  \n",
       "12      5        5         2   good  \n",
       "13      5        5         2   good  \n",
       "14      4        3         3   good  \n",
       "15      3        4         2    bad  \n",
       "16      5        5         5    bad  \n",
       "17      5        5         5   good  \n",
       "18      2        1         2    bad  \n",
       "19      5        5         3   good  \n",
       "20      5        5         3   good  \n",
       "21      5        5         5   good  \n",
       "22      5        5         3   good  \n",
       "23      3        3         3   good  \n",
       "24      5        5         5   good  "
      ]
     },
     "execution_count": 183,
     "metadata": {},
     "output_type": "execute_result"
    }
   ],
   "source": [
    "#togliere il commento per fare l'analisi con il dataset generato tramite l'assunzione < 3 = bad\n",
    "#data=pd.read_csv(\"./csv/ult_views.csv\")\n",
    "data=pd.read_csv(\"./csv/ult_views_sentimental.csv\")\n",
    "data.head(25)"
   ]
  },
  {
   "cell_type": "code",
   "execution_count": 210,
   "metadata": {},
   "outputs": [
    {
     "name": "stdout",
     "output_type": "stream",
     "text": [
      "(0.6191283965086513, 0.38087160349134874)\n"
     ]
    }
   ],
   "source": [
    "all_data=len(data)\n",
    "bad=data.query('target == \"bad\" and overall >0')\n",
    "good=data.query('target == \"good\"')\n",
    "bad_n=len(bad)\n",
    "good_n=len(good)\n",
    "\n",
    "print(float(good_n)/all_data,float(bad_n)/all_data)\n",
    "\n"
   ]
  },
  {
   "cell_type": "code",
   "execution_count": 211,
   "metadata": {},
   "outputs": [],
   "source": [
    "#numero di volte per ogni valore di value dato good\n",
    "value_g_1=data.query('target == \"good\" and value == 1')\n",
    "value_g_2=data.query('target == \"good\" and value == 2')\n",
    "value_g_3=data.query('target == \"good\" and value == 3')\n",
    "value_g_4=data.query('target == \"good\" and value == 4')\n",
    "value_g_5=data.query('target == \"good\" and value == 5')\n",
    "value_g=[len(value_g_1),len(value_g_2),len(value_g_3),len(value_g_4),len(value_g_5)]"
   ]
  },
  {
   "cell_type": "code",
   "execution_count": 212,
   "metadata": {},
   "outputs": [],
   "source": [
    "#numero di volte per ogni valore di value dato bad\n",
    "value_b_1=data.query('target == \"bad\" and value == 1')\n",
    "value_b_2=data.query('target == \"bad\" and value == 2')\n",
    "value_b_3=data.query('target == \"bad\" and value == 3')\n",
    "value_b_4=data.query('target == \"bad\" and value == 4')\n",
    "value_b_5=data.query('target == \"bad\" and value == 5')\n",
    "value_b=[len(value_b_1),len(value_b_2),len(value_b_3),len(value_b_4),len(value_b_5)]"
   ]
  },
  {
   "cell_type": "code",
   "execution_count": 213,
   "metadata": {},
   "outputs": [
    {
     "data": {
      "text/plain": [
       "[594, 621, 790, 695, 411]"
      ]
     },
     "execution_count": 213,
     "metadata": {},
     "output_type": "execute_result"
    }
   ],
   "source": [
    "#numero di volte per ogni valore di location dato value =1\n",
    "loc_v1_1=data.query('value == 1 and location == 1')\n",
    "loc_v1_2=data.query('value == 1 and location == 2')\n",
    "loc_v1_3=data.query('value == 1 and location == 3')\n",
    "loc_v1_4=data.query('value == 1 and location == 4')\n",
    "loc_v1_5=data.query('value == 1 and location == 5')\n",
    "loc_v1=[len(loc_v1_1),len(loc_v1_2),len(loc_v1_3),len(loc_v1_4),len(loc_v1_5)]\n",
    "loc_v1"
   ]
  },
  {
   "cell_type": "code",
   "execution_count": 214,
   "metadata": {},
   "outputs": [
    {
     "data": {
      "text/plain": [
       "[286, 660, 1155, 1413, 882]"
      ]
     },
     "execution_count": 214,
     "metadata": {},
     "output_type": "execute_result"
    }
   ],
   "source": [
    "#numero di volte per ogni valore di location dato value =2\n",
    "loc_v2_1=data.query('value == 2 and location == 1')\n",
    "loc_v2_2=data.query('value == 2 and location == 2')\n",
    "loc_v2_3=data.query('value == 2 and location == 3')\n",
    "loc_v2_4=data.query('value == 2 and location == 4')\n",
    "loc_v2_5=data.query('value == 2 and location == 5')\n",
    "loc_v2=[len(loc_v2_1),len(loc_v2_2),len(loc_v2_3),len(loc_v2_4),len(loc_v2_5)]\n",
    "loc_v2"
   ]
  },
  {
   "cell_type": "code",
   "execution_count": 215,
   "metadata": {},
   "outputs": [
    {
     "data": {
      "text/plain": [
       "[140, 582, 1631, 2939, 2645]"
      ]
     },
     "execution_count": 215,
     "metadata": {},
     "output_type": "execute_result"
    }
   ],
   "source": [
    "#numero di volte per ogni valore di location dato value =3\n",
    "loc_v3_1=data.query('value == 3 and location == 1')\n",
    "loc_v3_2=data.query('value == 3 and location == 2')\n",
    "loc_v3_3=data.query('value == 3 and location == 3')\n",
    "loc_v3_4=data.query('value == 3 and location == 4')\n",
    "loc_v3_5=data.query('value == 3 and location == 5')\n",
    "loc_v3=[len(loc_v3_1),len(loc_v3_2),len(loc_v3_3),len(loc_v3_4),len(loc_v3_5)]\n",
    "loc_v3"
   ]
  },
  {
   "cell_type": "code",
   "execution_count": 216,
   "metadata": {},
   "outputs": [
    {
     "data": {
      "text/plain": [
       "[59, 412, 1853, 6772, 10560]"
      ]
     },
     "execution_count": 216,
     "metadata": {},
     "output_type": "execute_result"
    }
   ],
   "source": [
    "#numero di volte per ogni valore di location dato value =4\n",
    "loc_v4_1=data.query('value == 4 and location == 1')\n",
    "loc_v4_2=data.query('value == 4 and location == 2')\n",
    "loc_v4_3=data.query('value == 4 and location == 3')\n",
    "loc_v4_4=data.query('value == 4 and location == 4')\n",
    "loc_v4_5=data.query('value == 4 and location == 5')\n",
    "loc_v4=[len(loc_v4_1),len(loc_v4_2),len(loc_v4_3),len(loc_v4_4),len(loc_v4_5)]\n",
    "loc_v4"
   ]
  },
  {
   "cell_type": "code",
   "execution_count": 217,
   "metadata": {},
   "outputs": [],
   "source": [
    "def calculate_cpt(child,parent,val_p):\n",
    "    q1=data.query(parent+' == '+val_p+' and '+child+' == 1')\n",
    "    q2=data.query(parent+' == '+val_p+' and '+child+' == 2')\n",
    "    q3=data.query(parent+' == '+val_p+' and '+child+' == 3')\n",
    "    q4=data.query(parent+' == '+val_p+' and '+child+' == 4')\n",
    "    q5=data.query(parent+' == '+val_p+' and '+child+' == 5')\n",
    "    r=[len(q1),len(q2),len(q3),len(q4),len(q5)]\n",
    "    return r"
   ]
  },
  {
   "cell_type": "code",
   "execution_count": 218,
   "metadata": {},
   "outputs": [
    {
     "data": {
      "text/plain": [
       "[[594, 621, 790, 695, 411],\n",
       " [286, 660, 1155, 1413, 882],\n",
       " [140, 582, 1631, 2939, 2645],\n",
       " [59, 412, 1853, 6772, 10560],\n",
       " [15, 187, 1236, 5670, 22638]]"
      ]
     },
     "execution_count": 218,
     "metadata": {},
     "output_type": "execute_result"
    }
   ],
   "source": [
    "value_location=[]\n",
    "for i in range(1,6):\n",
    "    value_location.append(calculate_cpt('location','value',str(i)))\n",
    "value_location"
   ]
  },
  {
   "cell_type": "code",
   "execution_count": 219,
   "metadata": {},
   "outputs": [
    {
     "data": {
      "text/plain": [
       "[[1807, 671, 437, 139, 57],\n",
       " [824, 1295, 1290, 724, 263],\n",
       " [282, 889, 2613, 2522, 1631],\n",
       " [80, 436, 2318, 7611, 9211],\n",
       " [17, 120, 824, 4682, 24103]]"
      ]
     },
     "execution_count": 219,
     "metadata": {},
     "output_type": "execute_result"
    }
   ],
   "source": [
    "value_service=[]\n",
    "for i in range(1,6):\n",
    "    value_service.append(calculate_cpt('service','value',str(i)))\n",
    "value_service"
   ]
  },
  {
   "cell_type": "code",
   "execution_count": 220,
   "metadata": {},
   "outputs": [
    {
     "data": {
      "text/plain": [
       "[[1856, 674, 351, 180, 50],\n",
       " [804, 1679, 1070, 624, 219],\n",
       " [196, 1180, 2789, 2519, 1253],\n",
       " [41, 473, 2638, 9218, 7286],\n",
       " [8, 100, 1111, 7210, 21317]]"
      ]
     },
     "execution_count": 220,
     "metadata": {},
     "output_type": "execute_result"
    }
   ],
   "source": [
    "value_room=[]\n",
    "for i in range(1,6):\n",
    "    value_room.append(calculate_cpt('room','value',str(i)))\n",
    "value_room"
   ]
  },
  {
   "cell_type": "code",
   "execution_count": 221,
   "metadata": {},
   "outputs": [
    {
     "data": {
      "text/plain": [
       "[[1028, 742, 674, 405, 161],\n",
       " [423, 867, 910, 757, 454],\n",
       " [251, 595, 2587, 2798, 1251],\n",
       " [72, 283, 1373, 7431, 6519],\n",
       " [27, 109, 496, 3846, 30787]]"
      ]
     },
     "execution_count": 221,
     "metadata": {},
     "output_type": "execute_result"
    }
   ],
   "source": [
    "service_clean=[]\n",
    "for i in range(1,6):\n",
    "    service_clean.append(calculate_cpt('clean','service',str(i)))\n",
    "service_clean"
   ]
  },
  {
   "cell_type": "code",
   "execution_count": 222,
   "metadata": {},
   "outputs": [
    {
     "data": {
      "text/plain": [
       "[[1750, 688, 427, 106, 39],\n",
       " [533, 1161, 1101, 438, 178],\n",
       " [305, 864, 3670, 1996, 647],\n",
       " [163, 452, 2310, 7886, 4867],\n",
       " [85, 272, 979, 4645, 29284]]"
      ]
     },
     "execution_count": 222,
     "metadata": {},
     "output_type": "execute_result"
    }
   ],
   "source": [
    "service_check=[]\n",
    "for i in range(1,6):\n",
    "    service_check.append(calculate_cpt('check','service',str(i)))\n",
    "service_check"
   ]
  },
  {
   "cell_type": "code",
   "execution_count": 223,
   "metadata": {},
   "outputs": [],
   "source": [
    "#create view to cpt value\n",
    "def generate_cpt(name,array_g,array_b):\n",
    "    cpt= PrettyTable()\n",
    "    cpt.field_names =[\"P(\"+name+\"|target)\",1,2,3,4,5]\n",
    "    good_c=['good']\n",
    "    bad_c=['bad']\n",
    "    for i in range(len(array_g)):\n",
    "        good_c.append(float(array_g[i])/good_n)\n",
    "        bad_c.append(float(array_b[i])/bad_n)\n",
    "    cpt.add_row(good_c)\n",
    "    cpt.add_row(bad_c)\n",
    "    return cpt"
   ]
  },
  {
   "cell_type": "code",
   "execution_count": 224,
   "metadata": {},
   "outputs": [
    {
     "name": "stdout",
     "output_type": "stream",
     "text": [
      "+-----------------+-----------------+-----------------+-----------------+----------------+----------------+\n",
      "| P(value|target) |        1        |        2        |        3        |       4        |       5        |\n",
      "+-----------------+-----------------+-----------------+-----------------+----------------+----------------+\n",
      "|       good      | 0.0057786191093 | 0.0247085782604 | 0.0937282056391 | 0.324250273986 | 0.551534323005 |\n",
      "|       bad       |  0.116568143169 |  0.137824925095 |  0.169001538586 | 0.268766701757 | 0.307838691392 |\n",
      "+-----------------+-----------------+-----------------+-----------------+----------------+----------------+\n"
     ]
    }
   ],
   "source": [
    "print(generate_cpt(\"value\",value_g,value_b))"
   ]
  },
  {
   "cell_type": "code",
   "execution_count": 225,
   "metadata": {},
   "outputs": [],
   "source": [
    "def num_node(name_node):\n",
    "    support=[]\n",
    "    for i in range(1,6):\n",
    "        support.append(len(data.query(name_node+' == '+str(i))))\n",
    "    return support"
   ]
  },
  {
   "cell_type": "code",
   "execution_count": 200,
   "metadata": {},
   "outputs": [],
   "source": [
    "#create view to cpt 5x5\n",
    "def generate_cpt(child,parent,array_query):\n",
    "    num_p=num_node(parent)\n",
    "    cpt= PrettyTable()\n",
    "    cpt.field_names =[\"P(\"+child+\"|\"+parent+\")\",1,2,3,4,5]\n",
    "    one=['one']\n",
    "    two=['two']\n",
    "    three=['three']\n",
    "    four=['four']\n",
    "    five=['five']\n",
    "    for i in range(len(array_query)):\n",
    "        one.append(float(array_query[0][i])/num_p[0])\n",
    "        two.append(float(array_query[1][i])/num_p[1])\n",
    "        three.append(float(array_query[2][i])/num_p[2])\n",
    "        four.append(float(array_query[3][i])/num_p[3])\n",
    "        five.append(float(array_query[4][i])/num_p[4])\n",
    "    cpt.add_row(one)\n",
    "    cpt.add_row(two)\n",
    "    cpt.add_row(three)\n",
    "    cpt.add_row(four)\n",
    "    cpt.add_row(five)\n",
    "    return cpt"
   ]
  },
  {
   "cell_type": "code",
   "execution_count": 201,
   "metadata": {},
   "outputs": [
    {
     "data": {
      "text/plain": [
       "[3111, 4396, 7937, 19656, 29746]"
      ]
     },
     "execution_count": 201,
     "metadata": {},
     "output_type": "execute_result"
    }
   ],
   "source": [
    "result=num_node('value')\n",
    "result"
   ]
  },
  {
   "cell_type": "code",
   "execution_count": 202,
   "metadata": {},
   "outputs": [
    {
     "name": "stdout",
     "output_type": "stream",
     "text": [
      "+-------------------+-------------------+------------------+-----------------+----------------+----------------+\n",
      "| P(location|value) |         1         |        2         |        3        |       4        |       5        |\n",
      "+-------------------+-------------------+------------------+-----------------+----------------+----------------+\n",
      "|        one        |   0.19093539055   |  0.199614271938  |  0.25393764063  | 0.223400835744 | 0.132111861138 |\n",
      "|        two        |   0.065059144677  |  0.150136487716  |  0.262738853503 | 0.321428571429 | 0.200636942675 |\n",
      "|       three       |  0.0176389063878  | 0.0733274536979  |  0.205493259418 | 0.370291041955 | 0.333249338541 |\n",
      "|        four       |  0.00300162800163 | 0.0209605209605  | 0.0942714692715 | 0.344525844526 | 0.537240537241 |\n",
      "|        five       | 0.000504269481611 | 0.00628655953742 | 0.0415518052847 | 0.190613864049 | 0.761043501647 |\n",
      "+-------------------+-------------------+------------------+-----------------+----------------+----------------+\n"
     ]
    }
   ],
   "source": [
    "cpt_v_l=generate_cpt('location','value',value_location)\n",
    "print(cpt_v_l)"
   ]
  },
  {
   "cell_type": "code",
   "execution_count": 203,
   "metadata": {},
   "outputs": [
    {
     "name": "stdout",
     "output_type": "stream",
     "text": [
      "+---------------+-------------------+------------------+-----------------+-----------------+-----------------+\n",
      "| P(room|value) |         1         |        2         |        3        |        4        |        5        |\n",
      "+---------------+-------------------+------------------+-----------------+-----------------+-----------------+\n",
      "|      one      |   0.596592735455  |  0.216650594664  |  0.112825458052 | 0.0578592092575 | 0.0160720025715 |\n",
      "|      two      |   0.182893539581  |  0.381938125569  |  0.243403093722 |  0.14194722475  | 0.0498180163785 |\n",
      "|     three     |  0.0246944689429  |  0.148670782411  |  0.351392213683 |  0.317374322792 |  0.157868212171 |\n",
      "|      four     |  0.00208587708588 | 0.0240638990639  |  0.134208384208 |  0.468966218966 |  0.370675620676 |\n",
      "|      five     | 0.000268943723526 | 0.00336179654407 | 0.0373495596047 |  0.242385530828 |   0.7166341693  |\n",
      "+---------------+-------------------+------------------+-----------------+-----------------+-----------------+\n"
     ]
    }
   ],
   "source": [
    "cpt_v_r=generate_cpt('room','value',value_room)\n",
    "print(cpt_v_r)"
   ]
  },
  {
   "cell_type": "code",
   "execution_count": 204,
   "metadata": {},
   "outputs": [
    {
     "name": "stdout",
     "output_type": "stream",
     "text": [
      "+------------------+-------------------+------------------+-----------------+-----------------+-----------------+\n",
      "| P(service|value) |         1         |        2         |        3        |        4        |        5        |\n",
      "+------------------+-------------------+------------------+-----------------+-----------------+-----------------+\n",
      "|       one        |   0.580842172935  |  0.21568627451   |  0.140469302475 | 0.0446801671488 | 0.0183220829315 |\n",
      "|       two        |   0.187443130118  |  0.294585987261  |  0.293448589627 |  0.164695177434 | 0.0598271155596 |\n",
      "|      three       |  0.0355297971526  |  0.112007055563  |  0.32921758851  |  0.317752299357 |  0.205493259418 |\n",
      "|       four       |   0.00407000407   | 0.0221815221815  |  0.117928367928 |  0.38721001221  |  0.46861009361  |\n",
      "|       five       | 0.000571505412492 | 0.00403415585289 | 0.0277012035232 |  0.157399314194 |  0.810293821018 |\n",
      "+------------------+-------------------+------------------+-----------------+-----------------+-----------------+\n"
     ]
    }
   ],
   "source": [
    "cpt_v_s=generate_cpt('service','value',value_service)\n",
    "print(cpt_v_s)"
   ]
  },
  {
   "cell_type": "code",
   "execution_count": 175,
   "metadata": {},
   "outputs": [
    {
     "name": "stdout",
     "output_type": "stream",
     "text": [
      "+------------------+-------------------+------------------+-----------------+----------------+----------------+\n",
      "| P(clean|service) |         1         |        2         |        3        |       4        |       5        |\n",
      "+------------------+-------------------+------------------+-----------------+----------------+----------------+\n",
      "|       one        |   0.341528239203  |  0.246511627907  |  0.223920265781 | 0.134551495017 | 0.053488372093 |\n",
      "|       two        |   0.12401055409   |  0.25417766051   |  0.26678393433  | 0.221929053064 | 0.133098798006 |\n",
      "|      three       |  0.0335471798984  | 0.0795241913927  |  0.345763164929 |  0.3739641807  | 0.167201283079 |\n",
      "|       four       |  0.00459242250287 | 0.0180507717821  | 0.0875749457839 | 0.473976272484 | 0.415805587447 |\n",
      "|       five       | 0.000765631646108 | 0.00309088331207 | 0.0140649369063 | 0.109059974479 | 0.873018573657 |\n",
      "+------------------+-------------------+------------------+-----------------+----------------+----------------+\n"
     ]
    }
   ],
   "source": [
    "cpt_s_c=generate_cpt('clean','service',service_clean)\n",
    "print(cpt_s_c)"
   ]
  },
  {
   "cell_type": "code",
   "execution_count": 176,
   "metadata": {},
   "outputs": [
    {
     "name": "stdout",
     "output_type": "stream",
     "text": [
      "+------------------+------------------+------------------+-----------------+-----------------+-----------------+\n",
      "| P(check|service) |        1         |        2         |        3        |        4        |        5        |\n",
      "+------------------+------------------+------------------+-----------------+-----------------+-----------------+\n",
      "|       one        |  0.581395348837  |  0.228571428571  |  0.141860465116 | 0.0352159468439 | 0.0129568106312 |\n",
      "|       two        |  0.156259161536  |  0.34036939314   |  0.322779243624 |  0.128408091469 | 0.0521841102316 |\n",
      "|      three       | 0.0407645014702  |  0.115477145148  |  0.490510558674 |  0.266773589949 | 0.0864742047581 |\n",
      "|       four       | 0.0103967342773  | 0.0288302079347  |  0.147340221967 |  0.502997831356 |  0.310435004465 |\n",
      "|       five       | 0.00241032184886 | 0.00771302991635 | 0.0277612363533 |  0.131716999858 |  0.830398412023 |\n",
      "+------------------+------------------+------------------+-----------------+-----------------+-----------------+\n"
     ]
    }
   ],
   "source": [
    "cpt_s_check=generate_cpt('check','service',service_check)\n",
    "print(cpt_s_check)"
   ]
  },
  {
   "cell_type": "code",
   "execution_count": 177,
   "metadata": {},
   "outputs": [
    {
     "data": {
      "text/html": [
       "<div>\n",
       "<style scoped>\n",
       "    .dataframe tbody tr th:only-of-type {\n",
       "        vertical-align: middle;\n",
       "    }\n",
       "\n",
       "    .dataframe tbody tr th {\n",
       "        vertical-align: top;\n",
       "    }\n",
       "\n",
       "    .dataframe thead th {\n",
       "        text-align: right;\n",
       "    }\n",
       "</style>\n",
       "<table border=\"1\" class=\"dataframe\">\n",
       "  <thead>\n",
       "    <tr style=\"text-align: right;\">\n",
       "      <th></th>\n",
       "      <th>id</th>\n",
       "      <th>hotel</th>\n",
       "      <th>reader</th>\n",
       "      <th>helpful</th>\n",
       "      <th>overall</th>\n",
       "      <th>value</th>\n",
       "      <th>room</th>\n",
       "      <th>location</th>\n",
       "      <th>clean</th>\n",
       "      <th>check</th>\n",
       "      <th>service</th>\n",
       "      <th>business</th>\n",
       "    </tr>\n",
       "  </thead>\n",
       "  <tbody>\n",
       "    <tr>\n",
       "      <th>0</th>\n",
       "      <td>0</td>\n",
       "      <td>hotel_80799</td>\n",
       "      <td>-1</td>\n",
       "      <td>-1</td>\n",
       "      <td>3</td>\n",
       "      <td>5</td>\n",
       "      <td>3</td>\n",
       "      <td>3</td>\n",
       "      <td>3</td>\n",
       "      <td>5</td>\n",
       "      <td>3</td>\n",
       "      <td>4</td>\n",
       "    </tr>\n",
       "    <tr>\n",
       "      <th>1</th>\n",
       "      <td>1</td>\n",
       "      <td>hotel_80799</td>\n",
       "      <td>1</td>\n",
       "      <td>1</td>\n",
       "      <td>1</td>\n",
       "      <td>1</td>\n",
       "      <td>1</td>\n",
       "      <td>1</td>\n",
       "      <td>1</td>\n",
       "      <td>3</td>\n",
       "      <td>2</td>\n",
       "      <td>1</td>\n",
       "    </tr>\n",
       "    <tr>\n",
       "      <th>2</th>\n",
       "      <td>2</td>\n",
       "      <td>hotel_80799</td>\n",
       "      <td>2</td>\n",
       "      <td>1</td>\n",
       "      <td>4</td>\n",
       "      <td>5</td>\n",
       "      <td>3</td>\n",
       "      <td>4</td>\n",
       "      <td>5</td>\n",
       "      <td>5</td>\n",
       "      <td>5</td>\n",
       "      <td>3</td>\n",
       "    </tr>\n",
       "    <tr>\n",
       "      <th>3</th>\n",
       "      <td>3</td>\n",
       "      <td>hotel_80799</td>\n",
       "      <td>-1</td>\n",
       "      <td>-1</td>\n",
       "      <td>1</td>\n",
       "      <td>1</td>\n",
       "      <td>1</td>\n",
       "      <td>1</td>\n",
       "      <td>3</td>\n",
       "      <td>2</td>\n",
       "      <td>3</td>\n",
       "      <td>2</td>\n",
       "    </tr>\n",
       "    <tr>\n",
       "      <th>4</th>\n",
       "      <td>4</td>\n",
       "      <td>hotel_80799</td>\n",
       "      <td>3</td>\n",
       "      <td>3</td>\n",
       "      <td>1</td>\n",
       "      <td>2</td>\n",
       "      <td>1</td>\n",
       "      <td>3</td>\n",
       "      <td>2</td>\n",
       "      <td>5</td>\n",
       "      <td>5</td>\n",
